0000001101100100
0000001001100100
0000010001100100
0000001100110010
0000000101100100
0000010001100100
0000001100000011
0000001000010100
0000011000001101
0000001100000011
0000000100010011
0000010000000011
0000010100000011
0000011111111111
0000100011111111
1111111111111111
1111111111111111
1111111111111111
1111111111111111
0000000000000001
0000001101100011
XXXXXXXXXXXXXXXX
1111111111011110
0000000011011010
0000000101101010
0000000000010000
0000000001011011
0000000000100000
1111111111011111
0000001100111101
0000000000000111
0000000000000010
0000000000010110
0000000001010010
0000000000111101
0000000000100100
0000000111101100
0000000001001010
1111111100011101
1111111111001011
0000001110011011
0000000001110110
0000000000011101
0000000100100011
1111111111000011
1111111011111001
0000000001000011
0000000000010111
0000001000101000
0000000000010110
0000000001010001
0000000000001110
1111110100100011
0000000111000000
1111110110010101
1111110111110010
0000000000000100
0000001110010100
0000000000011010
0000000010101100
0000000001000110
0000000101001001
0000000010011000
0000000011000111
0000000010111001
0000000000011101
0000001001110011
1111111011111011
1111110000100001
0000001101001010
1111111111101110
0000000001010010