1  222  1 12  4 42 24 50  5 25  0
2   33  4  2  6 23  0
3  272  2 29  5 27 12 10 29 15  0
4  539  8 21 32  6  9 43 20  9 44 45 27 17 11 24  0
5  110 14  1  7 18 27 50  3  0 
6  408  9 27 46 35 51 32 13  5 37  0
7  677  7 26 33 14 21 47 26 39 24 37 13 36 49 26  0
8   51  8 17  4 13  0
9  248 11 20 46 41 17 14 30  0
10 333  9  3 21 38 34 18 15 10 26 15 51 44 28  0 
11 391 11  6 41  2 22 46  6 19 33 32  3 43 43  7 16  0
12 248 11 20 46 41 17 14 30  0
13 154 12  9 48 33 30  7  0 
14 296 13 31 28 28 40  8 37  0 
15 383  8  3 21 24 46 26 30 20 44 12 43 17 48 16  0
16 839 10 25 18 45 26 35 50 28 29 25  8 46 45 50 33 51  0
17 465 13  9 31 39 40 36 34 26 39 19 19 13 39 22  0
18 825  3 28  8 22 19 50 20 50 19  7 11 17 45 16 25  7 18 43 0
19 723  9 33 35 29 21 19  3 11 27 31  2 40 18 10 48  0
20  76 12 11  8 46  0
21 580 16 32 23  5 35 15 20 33  9 39 11 19 19  0
22 719 18 24 40 37 37 14  6 50 12  7 34 38 28 28 49  3  0
23 329 12 31 39 35 29 46 25  0
24 726  7 31 30  4 40  4 45 11 49 25 40  3  3 42 27  0
25 489 10  6 37 32 21 35 41 37 19  7 18 11 28 11 23 26 27 20 0
26 626 18 21  2 31 41 14 28 33 12 39 18 50 13 25 7 19  0
27 171 10  8 25  9 32 31 21  5  0
28 295 11 28 25 46  2 42 40  0
29 200 11 32 49 39 16  0
30 625  8 29 46 44  3 11 17  8 39 39 27 10 29  4  0
31 786 11 25 10 23  8 29 24 42 22 20 43 41 47 30 26 33 13  0
32 190 14 33 33 47 11  0
33 597 10 32 47 22  3 51 23 41 35 49 38  0
34 772  6 28 37 41 19 39 39 29 50 11 12 14 18 30 14 27  0
35 458 13 24 51 39  9 50 41  7 44 25  0 
36 202 13 17 26  9  5 32 17 11  0
37  84  9  2  8 36 11 21  0
38 385  6  5 13  8 38 15 35 18 14 23  8 24 32 49 24 14  0
39 427  5  5 16 24 29 37 16 23 21 42 23 33 39 49 10  0
40 705 13 27 17 50 41 50 41 11 46 35 10 33 27 20  0
41  84 14  3 18 15  4 18 14  0
42 653  6 27  5  4 36 21 21 44 37 31 45 44 20 21  0
43 189 16 25 33 37 44  0
44  80 12  8 20 44  0
45 209  7 18 38 14 36 29  2  0
46 566  6 12 26 12 28 23 13 47 12 34 29  4 11 42 46 16 43  0
47 150 10 17 38  6 13 25  0
48  70 16  9 41 11  0
49 352  5 10  4 28 28 25 36 34 29 44 34  0
50 245  9  3 26 48 24  5 13 27 27 51  0
51 797  9 24  8 19 43  4 41 49 37 17 44 47 35 44  5 37  7  0
52 107 15 13 20 13 35  0
53 633  7 23 24 44 51 16  8 23 14  4  6 49 24  3  2 43  0
54 551  8 15  7 20 26 43 51 27 50 30 21 45 25 26  0
55 375  5 20 41  2 25 42 38  9  5 18 15  0
56 308 12  8 48  2  9 42 51 15 16  2 51  0
57 321 12  4  6 17 32  9 36 38 24 11 35 40  2 17  2  0
58 483 11 13 13 36 10  4  2 22 14 39 45 33 30 39 27  0
59 132 17 18 20 26 32  0
60 366  8 30 49 23  3 50 19 42  0
61 445  3 15 39 25 24 16 10 31 35 10 33 21 36  0
62  99  4 23 26 27  0
63 852 11 31 22 35 35 40 12 14 10 34 41 50  4 30 16 29 15  0
64 685  8 27 24 20 44 38 18  8  8 39 20 51 18  8 38  0
65 298  8 19  4  4 40 17 30 21 16 14  0
66 276  8 22 36 12  4 39 34 19  0
67 547 14 12 14  8 30 48 48 26 30 12 36 29 38 24 21 15  0
68 509  5 12 14 40 43 22 23  5 41 34 21 28 46  3 33  0
69 893  9 32 33  9 51 25 29 17  5 51 17 11 38 10 43 25 49  0
70 550 15 18 20 18 33 14 19 32 46 15 41 42 25  5  6  0
71 508  5 20 45 48 38 20 50 23 44 29 31  0
72 177 15  3 24 46 13 27 41  8  0
73 470  4 18  4  6  8  4 42 26 18  8  8  3 37 34 38  0
74 441 10  7 40  9 39  7 19 12  5  4 33 48 37 10 21 44  8  0
75 325 11  1 24 46 11 26 28 34 27 34 21 14 14 34  0
76 298  3  4 19 33 25 49 11 38 42 33 12  0
77  67 15  3 26 35  0
78 273  5 28  7 13 32 32 49  0 
79 580  7 21 38 30 16 41 51 47  4 19 28 49 26  0
80 110  5 19 29 43  0
81 428  8 15 23 13 42 37 45 51 34 29 19  0
82 316 10 22  9 51 14 16 50 44  0
83 194  6 22 15 33 20 11  5  0
84 327  4  7 26 35 16 49 17 15 14 45 47  0
85 540  9 34 45  2 14 47 34 37 37 16  2  0
86 496 11 26  3 25 51 50 21 29  2 31 15  9  0
87 241  8 22 25 46  5 19 36  0
88 553 16 31 14 10 44 24  6 29 46 14 41 15  0
89 812  2 30 34 17 12 50  2 29 22 36 26 24 46 50 36  8  0
90 340 12  3 29  5 32  8 12 20 18 16 30 50 41 19 11  7  0
91 335 13  8 21 50 39  3 40 48 46 24  0
92 102 11 17 30 38  0
93 266  9 25 19 51  6 16 19  5  0
94 418 18  4 35 15 20 47 29 13  6 36 34 29 20 31 37 10  0
95 137 10 13 23 16 14 32  0
96 405  7  9 18 37 40 28 20 44 29 36 21 42  0
97 120  2  1  7 39 17 45  7  0
98 160  8  4 12 35 44 41  8  0
99 108  5  6 40 47  3  0
100 265 17 29 14  6 40 13 47 -1

